mirbase_id	baseMean	log2FoldChange	lfcSE	stat	pvalue	padj	24hpf	36hpf	48hpf	60hpf	72hpf
dre-miR-27c-3p	897.558159166107	3.83982828369862	0.31538686869177	199.442726930627	4.95089499479482e-42	1.5298265533916e-39	136.99805988731	204.218493567356	547.837449157653	1252.10033981222	1985.9123584288
dre-miR-430c-3p	134196.022725031	-4.24483462354893	0.378244211298659	144.043142383859	3.84485730782414e-30	5.9403045405883e-28	417842.533281606	153884.90469813	70007.7576353441	55034.8583122005	22039.4851858723
dre-let-7d-5p	2070.868250271	4.20982195525446	0.372432709857342	129.764910848492	4.37197242176231e-27	4.50313159441518e-25	223.820618730068	644.046072561412	1640.20358821022	3039.18147160031	4066.18260599073
dre-miR-23a-3p	2517.9779885402	2.85117752123423	0.329315389143807	112.358902184256	2.2846221141609e-23	1.7648705831893e-21	695.179055638206	702.081585676999	1874.69472724319	3453.56553152112	5007.97332320905
dre-miR-430a-3p	562239.91643183	-3.54378933766015	0.367997921356805	107.22772611784	2.83855959783279e-22	1.75422983146067e-20	1434363.39738463	800331.181164347	343886.027690748	287999.774457433	122991.372850842
dre-miR-92a-5p	1026.12284913719	-2.16122695016378	0.286367241196687	92.4985651364611	3.87781429446922e-19	1.99707436165165e-17	1795.4244360954	1828.17676486758	793.480592820914	578.654134868369	402.620966308148
dre-miR-430i-3p	1638.3535427119	-3.4428236964796	0.385501466915476	91.8961411457851	5.20743964173858e-19	2.29871264185317e-17	4279.94043850436	2130.40987887279	999.28672316903	886.563674622517	394.482280872911
dre-miR-363-5p	550.133098602346	-1.56828787439258	0.230028019810204	90.9413539911623	8.30835207330271e-19	2.86695573699408e-17	852.103767583995	893.900175428547	531.125530161211	310.094481481672	288.787573829649
dre-miR-199-3-3p	816.523373736376	1.5835435618113	0.214373686977713	90.931046264076	8.35035651551674e-19	2.86695573699408e-17	471.277936998823	506.604294562782	547.543287201594	979.24387159083	1393.11855783867
dre-miR-430b-3p	265571.869998972	-4.30621310026229	0.497272553033379	90.547729239826	1.00727068061891e-18	3.11246640311242e-17	727510.99220638	445170.92488847	117327.072211744	99734.6451823372	36774.3913678617
dre-miR-140-3p	4450.77928664424	1.88678491165164	0.284082938764764	83.6720310412306	2.90173923418475e-17	8.15124930330079e-16	2539.08300822538	2219.74201120832	2623.81255669191	4308.94092264591	9368.37787768825
dre-miR-99	11353.0663840153	2.79902787061603	0.297441514270135	75.4280736646443	1.61759714723999e-15	4.16531265414298e-14	2792.43471466127	9197.77634814277	11522.1036404	11701.3700307238	19442.2702963805
dre-miR-192	7052.3771557939	3.99853116697785	0.650571861098345	68.1304933261051	5.63025737079572e-14	1.33826886736606e-12	1154.27345967926	583.178434027376	2390.7556113186	9283.11089184097	18444.782589632
dre-miR-455-2-5p/455-5p	917.165021427457	1.67102221008763	0.252766421599204	67.5486404129237	7.46891906155872e-14	1.64849713572975e-12	513.066145902095	564.963973108021	648.688570215524	1013.57448530412	1640.57665759618
dre-miR-155	306.464743390883	-1.59276196779596	0.311638784088421	65.1151209979759	2.43344487665823e-13	5.01289644591596e-12	434.928660480727	590.448621794157	273.828034810192	163.270860918443	145.809756333379
dre-miR-430b-5p	8903.19524975548	-2.32407032881251	0.320241842483853	61.1545902354419	1.65891595786569e-12	3.20378144362812e-11	18780.1058752385	10784.014941956	6425.24385284451	6630.49633748424	3752.07102540862
dre-miR-27a-3p	318.025196768784	3.24767684084306	0.497891187046751	60.4999795506283	2.27743632074867e-12	4.03510695188629e-11	65.6220384166148	81.6520835332797	253.510037795693	464.300537708569	614.383000277611
dre-miR-125a	37649.9397824531	3.9391746600974	0.478555301356151	60.4346933148932	2.35054773896289e-12	4.03510695188629e-11	4708.77270913977	15802.3515731875	44048.1325976665	41827.2047103679	72185.1248284305
dre-miR-130c-5p	299.593872606667	-2.34551356866673	0.38447379082178	59.9287186521181	3.00266021410791e-12	4.68011401688048e-11	729.618110256285	374.772970345486	184.110844747731	144.531113103977	142.880386085758
dre-miR-122	5435.29865537225	2.75134473022562	0.449646214249865	59.9105313471447	3.02920001092588e-12	4.68011401688048e-11	1484.65031433614	1646.26283564221	3414.64545037084	8711.99873639764	9966.86846696088
dre-miR-724	2245.370537899	1.82003030296282	0.260243978594124	52.6328924558016	1.01703715342661e-10	1.4964975257563e-09	936.524299773855	1574.6695436339	2526.84653048262	2547.37576274324	3301.82230490007
dre-miR-146a	2641.09402864971	1.49944896973173	0.280789011520435	51.0561334206406	2.17273667445206e-10	3.05170742002584e-09	1244.09572967857	1505.00424599416	2425.11054962366	3957.90359782932	3523.54170799228
dre-let-7c-5p	12008.2482922111	2.5468902330353	0.379630190112703	50.8654571593309	2.38148754545017e-10	3.19947674584393e-09	3151.67248092842	7035.25608895764	10477.848621187	17915.9531640114	18388.5175688588
dre-miR-194a	1009.55790943014	3.64146383571978	0.700293337092131	49.768231172929	4.0364469056998e-10	5.19692539108849e-09	233.700070081138	138.156890766256	374.107487198157	930.218276435081	2915.0649666211
dre-miR-732	264.923402582359	2.88348081539178	0.426762074198583	48.4780951082313	7.50219524623385e-10	9.27271332434504e-09	60.7002970914436	142.441079573292	311.684304242565	292.675267492366	461.127159144173
dre-miR-199-5p	3722.03806041413	1.98851611302931	0.379398728354742	46.6545990082614	1.79960192733469e-09	2.13875767517854e-08	1793.81536003757	1875.24691134152	2127.60897086851	4638.2155581565	7101.41491386761
dre-miR-20b-5p	5361.78106975743	-1.72565510206883	0.312441810958401	46.544916587593	1.89676508287436e-09	2.17074226151177e-08	8589.66775860547	8338.59923105428	4915.08260472434	3520.78428098756	2596.37275043786
dre-miR-301b-5p	154.622079526052	-2.48116690187592	0.427719139941344	46.2902882006304	2.1429963731253e-09	2.36494956891328e-08	395.731167772754	158.569639705968	100.038541680135	86.7655913020545	70.1000792854876
dre-miR-125b-5p	114135.723319427	2.46657504661775	0.358492355279834	45.29876784001	3.44601669088009e-09	3.67179019821361e-08	36417.9356220204	76696.6188083542	116682.543575129	117090.914923454	201268.58927762
dre-let-7a	31271.9772137577	2.25939332536196	0.392117177909303	44.954885763978	4.06276199952888e-09	4.18464485951475e-08	10210.8761532844	15889.1153023596	25467.6662270452	47474.8920308491	48867.6815635333
dre-miR-15b-3p	62.757244089271	-1.9035487104254	0.449553773315219	43.0592401660256	1.00590894185458e-08	1.00266407430021e-07	111.366331448712	116.557796585998	49.34410938904	24.4218382534099	29.8954458003826
dre-miR-18c	8474.1682474345	-1.66793236444702	0.295736387707011	42.4393598269969	1.35253310621045e-08	1.28875581884388e-07	13550.8016228437	12178.8381110681	7639.88587622799	6327.39105549507	4263.32874510493
dre-miR-199-3p	25770.678195337	1.77749049537266	0.338563297881393	42.402815592096	1.3763411657556e-08	1.28875581884388e-07	13726.894435731	14820.214758613	17518.6193933404	29479.5913315217	47058.8098578139
dre-miR-9-7-3p	5608.94755482975	2.54708021531573	0.634211844916274	41.9800554401129	1.68411817584413e-08	1.53056622451717e-07	557.255931928762	6351.68474175397	14460.9120663407	4325.92229385054	3257.56475538159
dre-miR-100-5p	18573.2355022572	2.1221353324887	0.313981762142089	40.8509459794318	2.88575999480255e-08	2.54771382398282e-07	6909.90886345981	17374.5357777401	17472.6911731049	18218.2277464506	30098.2998120374
dre-miR-430c-5p	309.142501922235	-2.18990779646526	0.38866917051437	40.076567236117	4.17344124186858e-08	3.58220373260386e-07	703.026301457367	277.415567490253	283.182521116355	195.508818935847	153.818677470809
dre-miR-23b/23b-3p	4586.37051084219	1.58441506679424	0.320525390642169	39.2396585194175	6.21586368093676e-08	5.1910861551607e-07	2444.68063058098	2617.2006294208	3517.6945165074	5990.97697270185	7325.39265379644
dre-miR-30a-5p	1806.48813225829	0.36678058220486	0.352551197266935	38.6604739594674	8.18704517638842e-08	6.65736041974743e-07	795.3965733861	2701.65800080364	2831.00135855523	1855.23356827123	1030.86946746927
dre-miR-24/24b-3p	5307.97295142381	1.72661688559988	0.372382764677884	38.4646122507755	8.98588720773935e-08	7.11958755690117e-07	2694.76602599603	2552.55724450224	3835.62903754786	7183.19181544507	8905.52732438279
dre-miR-21	65562.2867581447	2.40760197530168	0.442406085146436	38.2613736271217	9.8970752912369e-08	7.6454906624805e-07	20170.2934196121	38872.3365449535	41971.6202208472	100621.056765046	107041.604822461
dre-miR-17a-5p	3357.11747241044	-1.59537140090189	0.314458573371808	38.1739150674485	1.03170094466898e-07	7.77550224152966e-07	5900.22347126069	4562.60721940319	2719.23362414157	2274.6408547977	1951.02457196387
dre-miR-196b	560.800002835109	-3.2551652740396	0.631758053666751	37.6054368257903	1.35147482609526e-07	9.94299336341514e-07	1744.15756206726	344.763330674778	468.14432204333	239.115920569567	182.751920076619
dre-miR-430a-11-5p/430a-12-5p/430a-13-5p/430a-14-5p/430a-15-5p/430a-16-5p/430a-17-5p/430a-4-5p/430i-5p	272.959645828502	-2.1444458053053	0.433291883052994	36.1859574754021	2.64967654847808e-07	1.90406989181332e-06	533.398412847216	410.716005118601	214.162085897465	152.897817930231	121.503420624552
dre-miR-27b-3p/27d	13131.3542733776	1.58395089846561	0.39391492952688	36.0790480266464	2.78734259598997e-07	1.95747468672932e-06	7447.78697080888	5961.9367856414	8381.81575923183	18032.1298475572	22312.5973427587
dre-miR-363-3p	6706.41697195765	-1.22916361950757	0.287134133424099	34.3293740712738	6.37821355994479e-07	4.37970664449542e-06	8622.97700000635	10621.7799630447	6400.22886248939	5310.39446762557	3681.85154855576
dre-miR-223	3542.65329605471	-2.23091210791645	0.436459253106492	33.9900515622765	7.48697799412918e-07	5.02884330631076e-06	8381.51989655767	3231.66613001	2560.05599268046	2464.33141605701	1784.74947118522
dre-miR-457b-3p	300.466955957091	-1.62077041816853	0.330646931975968	33.9446972472875	7.64904968921054e-07	5.02884330631076e-06	576.273177055775	340.816033423433	260.133527599979	194.300487892148	185.975927855702
dre-miR-29a	1056.93373786652	1.60071953371714	0.383065977314489	33.4214142312773	9.79192350544514e-07	6.30355075663031e-06	492.725402038009	462.078331465983	1243.26293365846	1411.44903435761	1480.6060785251
dre-miR-142a-5p	139.089399931453	-2.03101610585514	0.438995821794467	32.498437121451	1.51294614429572e-06	9.54082364464035e-06	326.936671991969	138.208464584866	94.4961555883041	84.2528386900787	80.0274872762047
dre-miR-124-4-5p	110.669835455721	7.70630170272406	1.40277117222724	32.1432613168138	1.78835814147994e-06	1.10520533143461e-05	0	207.500577079896	176.286552179409	74.0507775348836	105.866795062845
dre-miR-2189	3036.60218606988	-2.20505829225388	0.440607715701248	31.9344490302026	1.97302827181858e-06	1.19542301174891e-05	6819.79379052706	3139.56591056222	2498.02129249663	1915.93007373156	1479.2147501072
dre-miR-92b-3p	5774.32504597917	-2.0196499898389	0.625365672986471	30.8380626111386	3.30329468527451e-06	1.96291934182658e-05	5984.17899594951	14321.124605412	6103.36071750309	2803.41805265124	1476.68069456544
dre-miR-196c	305.036716694928	-3.04248383082067	0.630769533182535	30.3343006035121	4.18430943433342e-06	2.43953134945099e-05	858.062043960564	176.83942763591	301.28964231994	168.907954545721	104.300707778832
dre-miR-9-4-3p	8213.23988770791	1.73728209866169	0.69857122653289	30.2254223596833	4.40353599269637e-06	2.51980115137626e-05	1276.10862013471	11964.9731983645	19984.8226000323	5298.85039100518	4258.68158008442
dre-miR-181a-5p	25274.7212058892	2.24138937086044	0.385138013630156	29.6876552210604	5.66588410485638e-06	3.18319670618295e-05	8415.96099844107	25068.7081775539	23246.4639905408	26012.7580470037	39811.1087256801
dre-miR-140-5p	1241.53685498477	1.22069999143703	0.375569761299766	28.9557053587453	7.98103435376645e-06	4.40382074163184e-05	915.317692521441	732.794849868878	687.782666489871	1466.98912769456	2127.05686713428
dre-miR-26a-3p	944.290616123748	-0.761125534431341	0.2460713551949	27.0792044253342	1.91592276059807e-05	0.000103863181232422	1568.23959054677	765.507260583254	769.63370123579	748.471371178731	923.702897873111
dre-miR-143	175627.155281255	1.77790639190843	0.43002619352391	26.8301466275339	2.15141672763232e-05	0.000114618580834204	67286.4187546184	94989.8687862147	190509.656432366	259795.711756308	230735.016302655
dre-miR-301c-5p	392.118846709827	-1.93525786435323	0.447353848473602	25.7939406693021	3.48206665940844e-05	0.000182365864026646	887.173588994552	335.520348936158	269.41414070038	301.028087431437	230.608375186929
dre-miR-18a	1360.95186836022	-1.24367194169775	0.265134694220355	25.642574534638	3.73537478241101e-05	0.000192371801294167	2006.08900091522	1664.05026574113	1230.25091328675	1219.82954634863	848.046530481873
dre-miR-101b	171.004008892637	-2.51915409906981	0.706263626071474	24.6212245914012	5.99469435164567e-05	0.000303665664698117	507.013992864719	58.547773253764	100.460691590181	131.334660801908	88.2650121587646
dre-miR-181b-5p/181c-5p	52019.1415425162	1.41114335242673	0.296649323220168	24.429891368561	6.54910381783033e-05	0.000326398883824125	23361.8809206588	59467.3223818686	57909.1626323824	54162.4189403605	62131.111098783
dre-miR-125c-5p	20490.9646517957	2.25995788982732	0.448055403259821	24.3578071251303	6.77093535099567e-05	0.000332098257691693	7105.19609285426	14661.3916239322	22445.1923328895	20773.2869998446	34017.5334283157
dre-miR-190b	1055.29964447687	6.31093628810433	1.17091602410612	24.317014908178	6.89975921766398e-05	0.000333128999727839	39.4391552516879	246.565064471266	565.366240739235	798.690789145461	3163.531278183
dre-miR-31	251.084199380412	1.02954437317709	0.331720643915689	23.968126891425	8.10583956524827e-05	0.000385339142409495	193.54607142402	199.318349029547	147.011986501955	278.711477400633	394.15787430876
dre-miR-2188-5p	1309.77210072773	1.5831376764801	0.350413120955894	22.1229907501042	0.000189432613772972	0.000886889055391641	578.497816860558	1103.21806914253	1676.8611962777	1338.93016359167	1737.20541378573
dre-miR-142a-3p	1192.5181566127	-2.3100755907205	0.532544507256702	21.9228762550514	0.000207630574510255	0.000957579813786101	2605.64429246398	1322.35494461414	893.316021304568	864.435409622736	525.592272766989
dre-miR-219-3p	1300.08321001813	-2.79890764087638	0.892571617975949	21.4038233070803	0.00026331502316028	0.00119653444347833	1692.67337995703	3259.10829525827	1369.79626190721	420.087727538816	243.016046842938
dre-miR-15b-5p	3459.00274377068	-0.983271096214294	0.220884219801218	21.1614926750486	0.000294155382923923	0.00131730454092018	4876.47206697021	3713.11658777981	3397.43572019666	3164.57411549065	2465.41845714302
dre-miR-219-5p	2452.32713206571	-2.43385960858087	0.693960498716989	20.7529290726523	0.000354459016022805	0.00156468337072924	3219.65903358802	4214.95803100603	3665.57240497988	1314.24063754874	595.847167881244
dre-miR-9-3p	6516.51519771234	1.82144300576548	0.722559882861956	20.3079786892125	0.000434118889717432	0.00187651142175273	1320.82064552968	6361.91201158043	15673.2433760285	5318.03867475821	4669.84736866521
dre-let-7e	11046.3632140165	1.48184802840101	0.45511137812877	20.2922124609506	0.000437245379825879	0.00187651142175273	5376.20457498239	6430.87070032853	8763.9685553623	17141.0289771764	15006.1340999575
dre-miR-20a-3p	277.708727349871	-0.947315812038265	0.335960520087182	19.7602284697225	0.000556870693021947	0.00235716498827098	384.661146241234	380.532834984686	292.872673953829	174.05098540332	201.414090792311
dre-miR-196a-5p	1313.76640512366	-2.39930401844195	0.712268901261036	19.6016900498209	0.00059841823981525	0.00249880048787719	3625.36016623888	670.188037972594	1155.86203984761	731.983921409712	687.460065887106
dre-miR-7148-5p	99.0424478411188	-1.60431854506367	0.446847717281478	19.4821650166981	0.00063175643096959	0.00260283649559471	184.367753211548	120.681551705986	89.3780734357848	59.7974748663089	60.4473929519585
dre-miR-9-5p	91309.4254484978	2.16969073594977	0.744118155737726	19.3650328513937	0.000666208415937487	0.00270866316479847	15588.5877252144	91034.0553172063	206319.081539533	81267.6824954251	70140.4098124021
dre-miR-7b	3635.69038787487	-1.34633220940805	0.406878258835865	18.8965906912916	0.000823574532582228	0.00330499390347933	5974.94296577224	4562.13093291905	3797.62784728964	2180.36221091933	2348.91409894534
dre-miR-146b	531.4220443844	-0.744211898887159	0.21278741330797	18.7626002625714	0.000874993580770549	0.00346632072382179	698.709300039654	650.163298377846	465.957943689411	473.252333488818	413.140228117015
dre-miR-137-5p	1531.30368913025	-0.866401496819966	0.633399802366229	18.5449325818724	0.000965369961163817	0.0037759407341724	1215.61618166481	2809.41310019101	2600.0487735901	770.200169902193	667.473617914167
dre-miR-125b-3-3p	306.674265589579	1.24984513989009	0.379612136620585	17.9672660417198	0.00125240952062932	0.00483743177343073	141.696991409027	278.601628527765	458.879445193306	311.428187469505	334.596129020564
dre-miR-30e-5p	36094.7111455487	0.480828079479462	0.333428633902011	17.6232806239635	0.00146182321603712	0.00557658486117864	30107.6711976472	19441.7830589725	34235.3272642519	49773.9630093273	42014.9408143898
dre-miR-145-5p	6883.59203095262	1.56626323655619	0.409643755314142	17.3327690593677	0.00166533300028516	0.00627546215961116	3467.8615982818	4705.53809525782	6657.60238898991	8170.66358820629	10252.3396819616
dre-miR-153b-3p/153c-3p	2366.19200191173	-1.6489361336527	0.751944695095331	16.8146678281232	0.00209994457940042	0.00781786596427385	2414.03700783338	3829.11292911929	4484.98890234632	1058.72562336358	770.008113608839
dre-miR-462	192.892527863652	-1.40604246071032	0.441543025555284	15.8036510846839	0.00329427498704188	0.0121182258451898	318.846529792569	247.791524740121	190.935131260191	122.884849704559	119.783724261208
dre-miR-181c-3p	754.504052353414	-0.232096097716327	0.376062403216397	15.7016891944187	0.00344672178116774	0.0124528404112132	607.414262030904	1154.8990686006	1014.45933134719	581.860739661628	516.538961110438
dre-miR-301a/301b-3p/301c-3p	6091.53059558381	0.235765039763404	0.313996193898452	15.6892171839928	0.00346583907884899	0.0124528404112132	5800.53816542853	3444.23665087858	5573.06670814296	8122.46536382719	6825.99603718152
dre-miR-128-3p	28660.4317028553	0.896470919539384	0.306551027134756	15.3035488580786	0.00411132469235992	0.0146022911487266	19220.6667917164	23582.1684034717	39413.7144920527	24561.6655314179	35770.9942113528
dre-miR-734	137.209637576949	2.2003747413115	0.643841478040131	14.9588951852603	0.00478723495768595	0.01666372146919	42.5848004928277	85.4941275151427	217.880764233127	125.916690607884	201.037960937814
dre-miR-92b-5p	155.634633126637	-2.78276167496658	0.938113726892122	14.9530540246691	0.00479958320633627	0.01666372146919	240.891878400206	361.194558679031	101.757044291177	86.7465628792071	34.9710377816645
dre-miR-27a-5p	539.06219496135	2.89254095692641	0.721157889149295	14.7201468280072	0.00531827537739822	0.0182594121290672	110.092668636972	379.998517684828	613.66944999348	646.019442157334	842.845706620384
dre-miR-25-3p	57517.6688007745	-0.4338092088709	0.243573455861262	14.4793439027022	0.00591235281140184	0.0200760111947601	65455.1400428425	79052.61136731	54050.3019076012	45773.8281886058	48457.4718805992
dre-miR-217	3570.06585707379	0.925244284185577	0.749830736121234	14.4201044727699	0.00606820186803952	0.0203046559925175	1283.52316818944	6564.55063852263	6309.7247171338	1941.86061354806	2440.19033849989
dre-miR-459-3p	299.597431374095	4.19913210135198	1.44818460792567	14.404056648019	0.0061111100560004	0.0203046559925175	41.3382075161644	16.9806286247263	160.16217791674	404.530288003251	738.913598796662
dre-miR-181b-3p	224.576565503213	-0.539502851178558	0.423786250398629	14.3152159157488	0.00635408748783992	0.0208148306021227	272.290382226005	212.383447267247	357.186703333756	126.693928210841	187.95453374169
dre-miR-126a-5p/126b-5p	30955.8628927589	-0.787997353553332	0.335874815370049	14.299023931801	0.00639938157670439	0.0208148306021227	46836.9235450443	18907.7445551362	29898.9396634519	32567.1785879446	27123.7319292887
dre-miR-103/107a-3p/107b	14735.8742023041	0.713003016828013	0.226446568724736	14.2370286740995	0.00657574655397264	0.0211656842205994	10665.2142967646	12417.2276772914	17633.9505449261	14783.7669688143	17480.965506138
dre-miR-338/338-3p	306.190550887219	0.930149704177025	0.43664200440115	13.9235271342345	0.00754316790880922	0.0238853355679127	248.079195170972	169.572860552505	232.826769430811	358.554884209127	468.300479571206
dre-miR-204-3-3p	89.1301372616167	-1.77425902225147	0.678126751541097	13.913808824922	0.00757528441959691	0.0238853355679127	120.949530171903	176.215701828879	67.6158214414922	64.1497666935468	36.1979945037474
dre-miR-26a-5p/26b	58029.8033005751	0.673397286091326	0.263482097149699	13.7502797615223	0.00813622526182494	0.0253948849081203	44487.034575221	43193.8876461664	54351.2591147937	70756.5133263387	70948.8761272466
dre-miR-221-3p	35405.0353426673	0.892487057364883	0.312909548646075	13.6323755085165	0.0085656880470878	0.0264679760655013	22772.990099284	29505.9986033881	31526.0607473789	46459.7194561475	42278.3964915477
dre-miR-30b	895.162509201581	0.940299477580997	0.32330045657837	13.5103994757045	0.00903331214313178	0.0276365688339378	670.508916890015	641.199359308517	954.518004580806	840.605613668596	1285.12840219489
dre-miR-92a-2-5p	618.624194219346	-1.41064813692996	0.492190900433134	13.4873279622967	0.009124528765541	0.0276419547897272	883.236765934985	967.69685120768	535.41999623903	478.848273714716	334.01529014505
dre-miR-733	448.464783456065	-1.22522863249039	0.389840027108991	13.1933868594451	0.0103685265754018	0.0311055797262054	759.514487235201	451.609613238766	328.323264540043	418.138358921132	323.548796274345
dre-miR-365	392.703571671912	1.95474779147704	0.560497417047773	13.1092818290443	0.0107539854945165	0.0319517453635153	175.438463073995	278.799586844189	369.448689170726	381.002706644817	687.943617440469
dre-miR-17a-2-3p/17a-3p	137.510704984149	-0.716318134878817	0.385659780053492	12.9710584133956	0.0114180768709416	0.0334211908316085	158.098110771775	194.17044069005	165.308936104099	90.9469847330722	100.038127144442
dre-let-7c-3p/7d-3p	542.794870606405	1.22374181172801	0.339706549562286	12.9616162642751	0.0114648745247589	0.0334211908316085	306.308390310418	488.729518496426	571.123865414506	575.4983389316	719.869672359503
dre-miR-202-5p	23.4210643462539	-1.81441520091723	1.56974534932067	12.7301370741964	0.0126725102162532	0.0365779030473491	59.9396663100479	0	27.333373114052	16.1821994518049	17.0520521324324
dre-miR-184	21475.6091229942	-0.209907003924052	1.01490021187382	12.7097716917322	0.012784509802957	0.0365779030473491	6390.11716613259	44969.8508262484	33403.3901727582	21156.1191132159	5525.87449584709
dre-miR-222a-5p	7311.72949687788	-0.701036925219148	0.229646030235302	12.4678971363639	0.0141907697347015	0.0400576049163045	9998.79774320858	6236.6916430144	7696.29414535347	6873.81923163065	6152.36372937084
dre-miR-25-5p	667.680725895974	-1.39854095336988	0.467722679623779	12.4566035424261	0.014259988805157	0.0400576049163045	1042.16262434325	915.478546265446	559.308826054953	528.267911254187	395.967285357175
dre-miR-1	117561.996296963	0.752914730253256	0.377961989263437	12.2765454670744	0.0154090250267077	0.0428953939932673	76349.3481240341	78751.4761988128	167096.950732154	130850.892332957	128663.671329681
dre-miR-100-2-3p	550.447231793655	-0.771664110299764	0.384928608429235	12.1629957124207	0.0161794653906104	0.0446379893365948	924.457865520858	480.706288759965	390.852864478402	446.583178056199	538.571026828504
dre-miR-29b/29b3-3p	185.609447904569	0.527144443139742	0.414345018997056	12.076500546474	0.0167913622817056	0.0459162030535135	125.737647515015	116.266734903043	252.448162007776	243.581417199113	177.538118040325
dre-miR-218a/218b	33792.4207996654	0.282109188616639	0.343514245458715	11.8533008879887	0.0184761588454911	0.0500801147654101	31616.0289100789	20413.0053157622	29505.219845565	45020.8837680722	38438.3644933307
dre-miR-16c-3p	2672.57402785933	-0.245225773420248	0.256075749193058	11.792784386526	0.0189605686797785	0.0509462236700134	2933.86123165369	3605.44109273436	2530.87010410045	2027.71898325238	2475.46879653786
dre-miR-216b	538.535978258337	0.767306268634838	0.654175728438907	11.5923227439409	0.0206548850517458	0.0550203403533573	242.311772741744	959.919743329478	787.727330522131	362.315435065718	415.275791996281
dre-miR-18b-5p	630.441333973051	-1.18823127335485	0.354843576524129	11.559736892352	0.0209438391964341	0.0553132163393002	903.614436258116	673.125209333167	588.763175147486	645.119538533314	396.420074357098
dre-miR-124-6-5p	181.8008096686	-1.22719051996111	0.741361894442999	11.3531919135733	0.0228686640769514	0.0598848915235422	207.559126832262	321.930793037481	255.529925523236	83.1641818206123	88.7435044068442
dre-miR-7147	101.752899505159	-1.0636511329323	0.360193465748994	11.3080195599644	0.0233119276613967	0.0605326524989209	161.141390404294	92.869395682806	77.6497592028196	105.90325191733	76.4810696734345
dre-miR-133b-5p	139.26629867106	-1.75127330565747	0.925105907968536	11.2578971650182	0.0238135061081359	0.06131977822845	379.874168087496	59.6354532710724	76.530956291997	87.0092437255743	112.930008306639
dre-miR-22a-3p	43393.7549488072	0.812368436161921	0.305407918719884	11.0640344365191	0.0258537038170168	0.0660230948715554	33574.9440982573	32151.8022581684	42565.0339832177	45326.3943018849	58972.703201152
dre-miR-132-3p	244.773874842007	1.80587964649077	0.574353737135905	11.0333337369423	0.026191932388397	0.0663385828525793	102.829012775504	172.931890498977	242.652989907063	300.927852659721	361.346082099874
dre-miR-92a-3p	168060.714672613	-0.660068361359662	0.429915585691859	10.9495099007859	0.0271373522300681	0.0678004867696222	187820.439471707	275987.913251471	154310.030781325	126108.305972962	118864.131782931
dre-miR-181a-3-3p	142.576368157651	0.908883655693166	0.373932503131426	10.9433631949576	0.0272079623282626	0.0678004867696222	80.8287547420158	190.005921184601	166.807579631579	120.67438408978	156.547831357328
dre-miR-135b-3p	103.804563906131	-2.13812994621859	0.85481330486013	10.8619935038075	0.0281595927494357	0.0696105132766051	140.607407294123	184.112841709552	131.083282381623	60.5713018641079	31.5259542146286
dre-miR-375	3052.55171442056	2.06782120185596	0.629432283228923	10.6929128018334	0.0302409053021638	0.0741622201457826	961.0292286409	3226.49266767734	2763.09216176173	3831.79044675738	4038.9458502291
dre-miR-736	714.898898790517	-1.01798711459497	0.51977669059656	10.6689152401453	0.0305480805119835	0.0743256447102591	1099.12075435433	341.153956512734	838.149136429484	781.316402507865	541.499674333172
dre-miR-459-5p	11.7212065514733	5.98763036062972	2.45430459015165	10.4185950025172	0.0339369891014203	0.0819260127526475	0	0	3.97786248318648	16.1784946782919	32.2125241616416
dre-miR-142b-5p	15.8716948078472	2.57098446625182	1.98062246153534	10.3931360454474	0.0343012861421658	0.0821635458754204	6.80094237762547	0	21.6303548066803	4.29027992656211	42.800139480521
dre-miR-101a	813.427456051286	0.166635871984293	0.319327906411368	10.2511920236151	0.0364024225835609	0.0865257582947716	781.649802026708	497.040146293658	848.713852762401	1002.50765597078	874.650109788668
dre-miR-206-3p	29298.5741008872	-0.675648850542338	0.767739345303425	10.2041897439051	0.0371250721622279	0.0875698267032703	57218.8378536303	15642.9460444845	11667.4560189362	25469.3094696539	35821.024640609
dre-miR-2188-3p	207.120777869279	-0.864578925253968	0.611458732798003	10.1445863486454	0.0380613155556132	0.0890980795960946	206.594810178493	356.413196316959	265.105836549086	136.293469665128	112.546878524067
dre-miR-124-5p	895.975998180264	-0.779230038190518	0.814949761842018	10.0939581349568	0.0388743648130355	0.0903171332874283	794.873668049248	1579.22572845618	1478.14711611448	397.235266394628	463.261915502605
dre-miR-10d-5p	733.815230467576	-1.29557255093021	0.741298051255507	9.92515380835096	0.0417075066800894	0.0961762654040868	1343.6847149344	510.892835813189	1081.93908140747	331.715608345162	547.858099988127
dre-miR-1388-3p	214.432828700139	1.47448895822185	0.550984175483671	9.88975263144101	0.042326301954458	0.0968802022513149	124.051887726558	140.441167587878	181.434127738542	244.007191585479	342.755508252752
dre-miR-7a	5033.89875132864	2.27403525302607	0.777641115708931	9.81721007730636	0.0436219301860131	0.0986377093577969	1385.75468640034	5560.04405007502	7761.29306326225	3673.29344198625	6710.18762406967
dre-miR-19c-5p	85.2977076408994	-2.15188153472881	0.77513728326073	9.81111102830076	0.0437325766408355	0.0986377093577969	133.725956700033	128.273790158529	93.2906637468231	60.8560341422291	30.2215509934198
dre-miR-22b-5p	298.919185079603	-1.23088687023976	0.727117745634448	9.73131751198775	0.0452051635727585	0.10122025756509	543.354122876228	294.827259249989	99.9663674609322	333.490726514651	231.235488165884
dre-miR-204-5p	4382.96734774653	-0.372911079365055	0.671951896677093	9.70944165855792	0.0456171054125912	0.101407809874034	3196.82181312476	8991.22922128004	4544.60850621903	3430.13545659352	2468.79324099214
dre-miR-133a-2-5p/133a-5p	4730.52430232274	-1.35322854418997	0.477477983014181	9.31219118080389	0.0537526795436025	0.118639842706951	7422.40352495168	4767.6385441902	5437.19182508844	3807.33918941601	2905.1806254198
dre-miR-27b-5p	187.096242677996	0.90157051495266	0.513543455374453	9.17339682453681	0.0569085364561159	0.124714452233616	161.463422472042	145.014914906195	112.47627432784	188.721096464802	299.338681953517
dre-miR-7132-3p	24.2755885172451	-1.8161433007207	3.13561447470975	9.12871678079088	0.057961475418713	0.126127435946354	93.4657017057231	0	6.89260523390589	0	26.5259439241752
dre-let-7j	23.7806160949102	5.76301580953878	2.03193722915	8.87594327346341	0.0642762224926566	0.138890578672943	0	8.35803767631191	28.6967736544062	47.4441396012129	27.5467221518173
dre-miR-125b-1-3p	2686.02645260093	1.23080808843187	0.456560921807797	8.85792043770096	0.0647505819057157	0.138943957006015	1703.36969589389	2162.62762295416	2233.98787760374	2948.6453612837	3989.88287299894
dre-miR-194b	55.4409150509447	1.17929382234969	1.10402420167741	8.81660410906167	0.0658505917782744	0.140329881789564	51.7110866996978	12.5319303412548	24.1495683827528	56.8623507012139	116.363607183978
dre-miR-138-5p	1304.62431576108	1.26921789467738	0.543833003199735	8.74638237762156	0.0677609509635745	0.143411875669483	664.337994503467	1066.4232139773	1995.52509036484	1156.94442415362	1602.37352611866
dre-miR-30c-5p	10012.149341711	0.579444959343579	0.252719976377144	8.68934227889861	0.0693512489071487	0.145779155866047	8651.14105271556	8273.79041205953	10192.8897489297	9438.89912966363	12920.301002901
dre-miR-152	2509.62368100132	0.76320841478535	0.396383090903871	8.66074700012217	0.0701617358948034	0.146486326969556	2060.30687887049	1643.31817612535	2318.74967282615	2724.36951904709	3500.07489510115
dre-miR-129-1-3p/129-3-3p/129-3p	107.996201370838	1.67608572664832	0.730342003625721	8.38119959595511	0.0785711622418284	0.162942880085402	34.4252269447603	120.416930811261	174.432002461399	94.5602245308576	117.203733326893
dre-miR-726	48.0560479562981	2.69697265568839	2.36076127466683	8.18251613083896	0.0851166082161429	0.175340212925254	20.4617704824342	0	44.1833700860378	24.9738247506343	134.7566738023
dre-miR-2187-3p	56.3579220028553	0.928038780086215	0.602714696261404	8.10033678774556	0.0879711107072098	0.179207272260831	46.1038109557862	44.2217312670052	28.6303885038608	65.87906900158	86.9310432296618
dre-miR-181a-3p	2703.59681648233	0.0750609738638521	0.529064508012055	8.08521620390843	0.0885060229659664	0.179207272260831	2219.42340904143	4263.77095885298	3369.99115704594	1672.10703152644	2341.17054104354
dre-let-7f	382.721575753466	0.246514337615909	0.351314696868705	8.07880643825246	0.088733697915557	0.179207272260831	360.641538979188	275.968074414679	308.525652446129	502.853238609577	425.013482033678
dre-miR-30d	51748.5293940208	1.30206579487923	0.471892727601083	7.96790227008256	0.092761076822296	0.186124498299282	29127.3050834965	43121.1012030648	50306.2015961287	57826.9477091676	71822.895318372
dre-miR-10c-5p	3545.15250003002	1.26620435920246	0.62401127675643	7.92311712011878	0.0944354598024532	0.188261658573923	2046.40641563804	1847.7886707807	4408.80561364275	4029.69385176996	4926.57658831294
dre-miR-430a-5p	54.7134359475219	-1.69776202471893	0.747303044044544	7.8805181991882	0.0960543290046267	0.190261459374549	106.828769798412	62.7290111430192	29.6560078262866	47.8913907781984	33.4766963767237
dre-miR-181b-3-3p	158.82851604348	-0.306736384457428	0.720646632705791	7.83725071208437	0.0977251567068061	0.192338047276453	138.544692686809	241.021040493618	252.104245654047	79.2707607947074	114.238726729025
dre-miR-30a-3p	97.4182412484785	-3.30365661202723	1.48346268069593	7.78442406505781	0.0998019583676436	0.195182310984822	263.323168133589	138.494716752817	68.6594903345701	25.6572591361824	26.6011021803416
dre-miR-216a	1083.54107110281	0.614349589238143	0.761133006582867	7.71521937919562	0.102585035871185	0.199363371598718	511.766214975714	1386.64808650642	2028.12255562013	841.125426493863	785.225800676704
dre-miR-214	4220.23206071557	0.999103439309529	0.634113673022204	7.60935832542378	0.106982619310282	0.206610183542982	3431.40871152943	2834.38694592109	2397.19644684997	4779.72180424862	6858.90557945953
dre-miR-457b-5p	1382.80361714528	0.218218763327231	0.363387235518908	7.42708526261578	0.114967838496239	0.220652559598372	1253.72502118095	1336.7076790967	1935.39895844662	999.57373090871	1464.09685755108
dre-miR-20a-5p	28294.5380524828	-0.69301193328811	0.334071763578006	7.37461960974002	0.117366825361942	0.223866352079259	36255.0514957011	29348.9059575047	33640.2134313158	22672.4750187932	22428.1557045138
dre-miR-212-5p	88.4403745247237	2.17033454918975	0.846436717868015	7.27473595716745	0.122062628295068	0.231394798424393	23.6175688771971	99.753080088042	123.96332815984	74.8645438217669	116.405922386954
dre-miR-129-5p	744.460517350801	0.691467235060289	0.520747566075157	7.21102370669343	0.125148025516228	0.235797194417771	412.16481759333	857.467306767794	1119.49585819056	699.151113359896	665.172776942284
dre-miR-133a-3p/133b-3p	47260.6127783429	1.08234477828861	0.425385737865251	7.11374267044482	0.129998150197913	0.243451081279727	28671.9011361643	40655.074160448	47124.756020549	54076.9529789609	60708.3581920186
dre-miR-193b-5p	356.502421366138	-0.957421492445675	0.674592754810954	7.05279948904206	0.133124183030437	0.246732960505224	424.094026123458	586.214964398024	404.231198117215	217.92784070879	219.05066239126
dre-miR-730	1402.07590650015	-0.705756971646456	0.315048601482465	7.04849471299872	0.133347587069166	0.246732960505224	1893.20821982632	1577.42790627108	1243.51091935052	1241.32061489022	1156.49573735212
dre-miR-22a-5p	1156.05841608837	0.235694344995193	0.240814531532489	7.00788885456404	0.135471922379465	0.249171571519372	1201.96039125073	948.436019684943	1034.80909340251	1119.01476626197	1419.47786105632
dre-miR-22b-3p	182.884310456402	-0.483557507026344	0.343384662412614	6.98936986289129	0.136451046948509	0.249487417201712	256.600370665965	193.732531066909	144.942970761683	147.503499344631	180.966768667894
dre-miR-137-3p	2286.84933821789	1.29372628214602	0.714664437412746	6.91974640268791	0.140190528193965	0.254816901246677	996.660418649865	1846.28970996861	3944.70453707318	2184.58968160175	2447.42367400365
dre-miR-7133-3p	31.4343779983198	-2.60356100570399	1.43638569872634	6.88810349234001	0.141920926742487	0.256453604464493	74.3296865228597	28.8484664408361	45.8443883734463	6.9198033879692	12.1734267349241
dre-miR-27e	79.144870859062	0.960071099080536	0.735837587191992	6.82743998907611	0.145293110607832	0.261020762661744	69.5776328732412	37.5298974066471	56.4209581376009	83.2548979857142	134.159743060167
dre-miR-153a-3p	287.88371640315	-0.986756129008993	0.712319351904088	6.70179046530711	0.152511754362673	0.272405387850092	287.127508294852	406.076670854532	438.072419971312	216.383046678637	145.284026198665
dre-miR-183-3p	11.0148426228906	3.33312607771865	1.48976980932902	6.65676233321651	0.15517720468917	0.275573311775595	0.926021833105109	5.32821177674805	14.6294631717669	16.5640274654378	15.1943226499847
dre-miR-499-5p	32694.6903446717	0.412320645582312	0.369808892465606	6.64121616594611	0.156107262063523	0.275640822729306	26827.2801765592	22359.3991314928	35380.9486192332	40504.3205919657	35698.2145827615
dre-miR-139-3p	246.968113067647	-1.64180901190228	0.744279604711416	6.58273235694077	0.159651647614746	0.28029749495998	467.97348242102	279.639126797649	165.646284307711	205.724053738905	150.32852893764
dre-miR-135c	1303.97117374826	1.28318855035675	0.687391060799882	6.48640498259704	0.165648997428636	0.289183842968636	545.65872422068	1062.97077853931	1757.56595064162	1711.96238215353	1332.55441961753
dre-miR-128-3-5p	122.325844999847	0.987805259556078	1.16931009959104	6.42910992409708	0.169312195007097	0.293918360995467	38.385478407867	158.117547186963	272.884855105851	89.8969062307308	72.8265072080506
dre-miR-148	3887.87694592094	0.551141107803111	0.486447083399521	6.332118705477	0.175680414183044	0.303269541802014	3535.16358417166	2374.90523594483	3237.71361016689	4606.05959547073	5182.37302235469
dre-miR-10d-3p	78.5099584132738	-1.9124277601307	0.985491595492279	6.30373657223197	0.177584298131789	0.304853045126237	175.990870511555	74.0099807313769	73.462381208234	39.7965939760791	46.876637081393
dre-miR-133c-5p	103.299812969453	-1.04428225073318	0.827035493763792	6.26905088974948	0.179936208445134	0.307183913864897	210.531832901602	54.7687521028211	83.574756685897	73.4161782275256	102.002725485809
dre-miR-499-3p	514.569618913115	-0.771250045058663	0.320215705100148	6.19910842665991	0.18476399444954	0.313692715851141	689.572737971704	482.93649272992	530.329473574833	495.22180155368	406.613558242861
dre-miR-128-5p	483.607716795719	-0.457481516594313	0.755307922745584	6.13139687326213	0.189548018408984	0.318344134858994	448.039159452128	410.320978963538	962.396049050047	345.340569279053	325.928434649539
dre-miR-138-2-3p	106.695664212099	0.177533501721533	0.728738170547692	6.13117121910943	0.189564145029304	0.318344134858994	63.6517494790913	128.273488008699	192.337445126644	88.0902563415121	73.9605201001756
dre-miR-93	15646.5030398355	-0.221344694590385	0.35441952730714	6.08491984244995	0.192895531699121	0.322049192798839	16030.0861312496	18871.155018157	19361.1851810525	11679.3481910865	13755.3241198223
dre-miR-130c-3p	2252.96041848237	0.244764425141057	0.281420127914717	6.06203350286012	0.19456322360416	0.322049192798839	2327.72717854384	1708.08608887896	2128.19725714113	2229.94992222665	2751.86749944461
dre-miR-15c	16132.9781933403	0.0323060945990934	0.355125067663956	6.05747282896357	0.194897084315155	0.322049192798839	14717.425972888	23067.3999531617	15499.3159659096	13302.1790329406	15055.6115041895
dre-miR-454b	38042.5390332995	-0.430597787920809	0.211996969435923	5.93125952276279	0.204341004746523	0.335003803770128	45139.1534965082	37253.2021925865	33806.438897105	40933.9425387769	33494.1935387813
dre-miR-19d-3p	3808.23618144636	-0.228767819776133	0.346724943544616	5.92388390267496	0.204905239199205	0.335003803770128	4431.88216339789	4402.52807967038	4043.44809838825	2671.8778622208	3782.07466297795
dre-miR-100-3p	254.260067515697	-0.0914037558858658	0.668198759738193	5.90493709118618	0.206361000637569	0.335608153668467	217.292459376278	472.439949236269	172.778358704151	224.171393712992	204.564289502715
dre-miR-126b-3p	25715.8150464711	-0.122585048918916	0.315070522241945	5.86446000798981	0.209501724531499	0.337206111171345	30747.5888138664	18118.9159999941	24988.3032001675	25828.0695169254	28237.6702763253
dre-let-7g	1223.62208275683	0.591867772235843	0.331710713528743	5.86414761552334	0.209526127329768	0.337206111171345	1006.31350733095	952.139333517904	1178.66999698893	1366.9439316688	1507.29496219101
dre-miR-135a/135b-5p	1561.24309482988	-0.597631070624634	0.781430526673019	5.72555371011271	0.220603007779296	0.352233879110739	1466.3810869761	2415.81503367259	2326.10837543282	932.69244046446	970.1335799218
dre-miR-16c-5p	34304.0239802581	-0.279934219053334	0.209409021208043	5.71894777681973	0.221143600477292	0.352233879110739	40271.9598110905	37571.019105393	32477.4082542164	29513.5663759304	33167.8294006456
dre-miR-181a-2-3p/181a-5-3p	3750.65152625214	-0.331932841554233	0.305766514138021	5.68332491365459	0.224078856204548	0.355078802908746	4215.31180931903	4347.56895043237	4233.78450397449	2911.90203075766	3353.63247377103
dre-miR-200a-5p	346.030488508029	-1.3381280749895	0.640559487236577	5.47771234345294	0.241695540134352	0.381040417864872	587.634702775426	360.956921467254	254.368707688465	328.240906979808	231.924976910603
dre-miR-145-3p	6708.17480050867	-0.638185086559555	0.342005803286383	5.42027585968816	0.246826683210156	0.387154543715422	8938.58714733452	6216.41844512858	7462.33203939568	5682.86995016601	5739.2290665851
dre-miR-144-5p	907.357134133095	1.25634593703558	0.660913830163074	5.39620486608857	0.249004925675525	0.388598596129987	448.189892862559	883.287593907308	1333.11215151333	790.056075151664	1070.64360440739
dre-miR-23b-5p	1270.81545484188	0.823255222674469	0.5821682367193	5.37320999158601	0.251101254555652	0.389900943003501	1090.75146107928	861.403295321255	953.761627296588	1341.12366013663	1925.73123420996
dre-miR-181d-5p	29.686958511924	7.47019868069572	4.65262188230991	5.33518081225482	0.254601544937029	0.39335938692771	0	0	0	40.5303228435816	90.0922946088839
dre-miR-138-3p	104.329392529811	-0.15859676611432	0.656675310343035	5.3156305828158	0.256417260608603	0.394193699144569	79.9731036740208	160.452183690865	141.197122909958	82.5125000524305	71.2388988588625
dre-miR-23a-5p	33.444294281849	1.55631432154856	1.15082107320703	5.27339466082668	0.260377862046447	0.398300788972039	15.7179572887686	10.8162840516978	56.0920204451819	31.1669601780951	49.8869252335219
dre-miR-454a	12238.9772425631	0.053412519413781	0.219007729700048	5.17379844362586	0.269925004668357	0.410871066219322	12607.8674397868	9831.1917415106	11638.7679756364	13504.4046286106	13084.83351312
dre-miR-26a-2-3p	82.041819116942	-1.80087287874103	0.864451626769679	5.12027116483964	0.275178045307299	0.41681380392135	152.070457584371	92.686861936089	56.5470244086276	76.4240373581173	43.5164916131579
dre-miR-130a	1423.55751364906	-0.337840466350851	0.347070237101459	5.04500637017571	0.282710657481269	0.42613460078884	1899.2076742567	1139.20343384747	1222.10155294438	1358.44165071762	1496.80128049942
dre-let-7b	509.942758246755	-0.0891524959446988	0.463886424221437	4.97293972704046	0.290085335297287	0.435128002945931	547.35986088543	339.094911239381	434.53308526134	676.210619768913	510.747230607888
dre-miR-130b	4166.03318234968	0.096449928452134	0.25419058276782	4.95364479492946	0.292086985657513	0.436013906126433	4335.79208920992	3573.15691469619	4754.25395247514	3569.49136309078	4630.49227414282
dre-miR-19d-5p	75.614738478344	-1.00355839328896	0.803711448024086	4.93686365018962	0.293837243964926	0.436517828774818	79.9191738099942	132.625810935744	74.3789748531836	62.8528073757279	40.312874249848
dre-miR-193b-3p	6.60428475678667	4.0397378565022	2.12525513501725	4.79899305768706	0.308550674576462	0.456182576287687	0	14.0263070889804	6.56968300663202	4.26735142663766	8.31470942673376
dre-miR-132-5p	1.87720632302193	-2.4311406315123	4.74094157177747	4.59793529328188	0.331092309618464		0	10.3246347766206	0	0	0
dre-miR-153b-5p	52.6750877076143	-2.39267972029994	1.62383597964242	4.59326336573577	0.331631642082942	0.487972273350615	100.645967708954	100.450721373259	44.5626685476073	16.1434577445096	19.0994420651367
dre-miR-20b-3p	223.866611782084	-1.00975291716561	0.621104139736169	4.52862418581435	0.339166872424459	0.495695570106633	326.827301343189	291.977853269188	200.744205032967	166.716155513628	162.657448611268
dre-miR-460-3p	6.85555256995002	20.425409824714	4.65322716673946	4.52079480765283	0.340088870105522	0.495695570106633	0	0	0	0	30.1644313077801
dre-miR-107a-5p	441.54346149795	-0.79213113662902	0.411298538676516	4.43154089806546	0.350742312327409	0.508823354503142	543.541200944472	510.797222267476	444.620074022404	428.130867308249	315.493565495247
dre-miR-723-3p	14.5528632991026	4.79962989712631	2.5290771483312	4.39586049732782	0.355074928559124	0.510699342990826	0	9.80571512132084	31.1059029713025	17.2009973963669	14.1023066455857
dre-miR-729	164.242231204793	-0.265831014215495	0.494927343874329	4.39368088037602	0.355340966805914	0.510699342990826	209.503986941581	118.412054923631	119.072863498447	191.170050952066	173.904642058097
dre-miR-196d	486.636565695441	1.06332225607073	1.00750627024359	4.37150113140956	0.358057157314927	0.512220655603298	369.48243420243	187.807544366511	385.223199633179	613.103963989159	774.086382509083
dre-miR-150	12387.0588170237	0.892310951252697	0.623500609487463	4.35094125532282	0.360589611658857	0.513466313375976	9222.8654834926	8410.50252460933	10117.0439696898	15188.0407551865	17114.6884574843
dre-miR-19b-3p/19c-3p	17867.5887267434	-0.450235252942997	0.457322708708458	4.32890813622447	0.36331919075137	0.51497995386318	20585.6861699116	20517.7264680684	22144.4647082889	12950.1668169481	15068.9217037078
dre-miR-460-5p	130.830282703141	1.29262230488875	0.891237356629788	4.29550669966199	0.367488088267049	0.5166381171671	78.2770341586976	63.4424196808048	159.390128848189	144.827711950139	189.937865793529
dre-miR-126a-3p	105623.209248886	-0.0964247607390706	0.264506947400682	4.27265264396107	0.370362075966352	0.5166381171671	117265.637517677	91044.9967925274	121401.914643767	91289.4755231005	109682.606008821
dre-miR-2191	20.748839138408	1.84784346483463	1.52776891399562	4.26921720465489	0.370795610314376	0.5166381171671	5.55613099863065	14.1905494924928	50.3202609996072	12.6212722621173	22.6200667542934
dre-miR-19b-5p	139.71119357197	-1.45682456337878	0.834448268121114	4.26619835827648	0.371176899712285	0.5166381171671	224.297363866412	191.472261910369	104.814759662311	116.344364382684	81.9173789827088
dre-miR-204-2-3p	9.06693500474139	1.6828228741486	2.90370453206454	4.19022075716184	0.380873945781972	0.527758068370536	0	21.3370379006768	9.40022522829604	13.7031370505418	1.60156646714208
dre-miR-10b-3p	212.077986319995	-1.15948289392414	0.680086207691499	4.1174211758011	0.390347802012659	0.538470851883534	355.024164585104	161.352274952814	219.498938210144	184.701647882057	159.741189727469
dre-miR-133c-3p	109.15841052221	1.06016144484453	1.47613126897167	4.09113177097944	0.393812976737511	0.540836488052849	92.5735867655171	21.3261688151757	73.6768187521486	135.405843108024	194.829903723429
dre-miR-1788-5p	1.36420326311447	-2.43113483361168	4.74094157177894	4.07240480091749	0.396295602067724		0	7.50311794712956	0	0	0
dre-miR-7149-5p	34.3582813310021	-2.85581585635866	1.61642292441779	3.99854359383372	0.406202988733637	0.555383732383601	94.4889972998801	30.7472522116712	19.6586272674557	22.3462301329856	12.9143063002181
dre-miR-457a	1678.10157965472	0.169633109911624	0.331987776344046	3.94852738431229	0.413016728406054	0.562212198579166	1473.48535815089	1926.04241936216	2019.36859430118	1382.97123199587	1665.55862103352
dre-miR-34a	1579.57135812409	0.41756861816622	0.311059819021036	3.87559592318354	0.423103836571393	0.573417041669124	1363.60134970153	1318.49027051796	1501.08278327821	1787.61922942361	1815.95522352424
dre-miR-23a-3-5p	19.255035902716	1.45390233959623	1.4667458426058	3.78030009950274	0.436554685987631	0.584510551715281	13.2872809873386	4.3049481020433	15.7280440230786	24.5768267960108	33.489112685971
dre-miR-10b-5p	6876.51950756429	0.188205194164314	0.677228438017025	3.77872816065394	0.436779126144242	0.584510551715281	7743.23553983553	3594.18575354606	7597.00445895365	6284.21074862749	8824.93448278719
dre-miR-2187-5p	82.6558206761296	0.929612917187408	0.978640456401125	3.77743238175268	0.436964198855113	0.584510551715281	73.5882874778475	48.3272186055544	46.9832583721013	86.9073882636193	141.659211146948
dre-miR-10a-5p	5064.40786668519	0.2681034476588	0.578067694247575	3.75894999106879	0.439610130800491	0.585515217316171	5204.41271768902	2875.05428483287	5378.27782599126	5246.90695007817	6270.29180052612
dre-miR-153a-5p	65.193340519733	-2.07714073739293	1.38553317937856	3.60354392188799	0.462309868942984	0.613106221044559	105.351342752261	118.460933700041	52.3774496385538	41.106474247228	24.7924431669118
dre-miR-738	293.076506919721	-0.911729003190261	0.716230069056441	3.55993190942024	0.46882426905853	0.61908845785934	336.986536486565	220.145400651741	379.239972077899	361.564108401501	178.874994672308
dre-miR-222a-3p	7138.55508925893	0.279356401591411	0.447792744877932	3.44737942726624	0.485924391518398	0.63893888076249	5798.02714849915	6865.28025304087	5950.06781869201	9481.83538962701	7037.10682692665
dre-miR-735-5p	620.248020822913	-1.09758723125653	0.618081954233825	3.38687964975026	0.495285605074897	0.648488355797217	917.330189200595	644.490949388514	542.394051409264	616.830258952378	428.888880669742
dre-miR-458-3p	1358.9153156827	-0.371212878051841	0.314414927530363	3.20465068440558	0.524180108874222	0.68342469891196	1639.60637187605	1240.44882389972	1158.1243962073	1481.94725031908	1266.73646509833
dre-miR-222b	129.882844922985	-0.0386542843582163	0.662855980478487	3.18810061847532	0.526855042962986	0.684026085191439	105.827623022409	189.288378218755	161.223989292474	102.786011613242	103.626513620981
dre-miR-24b-5p	2.89628415209192	4.33455643549964	4.65499416536089	3.17908888621885	0.52831505742599		0	0	3.08978855313022	0	10.2718194267003
dre-miR-15a-5p	669.477798180846	0.149861935079363	0.28271344521284	3.08853574111532	0.543120029000629	0.697533978227068	610.561068446657	589.096589683675	812.060804719025	654.71684508755	681.610696628685
dre-miR-200b-5p	209.597253988861	-1.16633724117552	0.726844916514976	3.08748536960104	0.543293173518959	0.697533978227068	307.788618976696	248.471715579099	173.158067956623	200.572972201192	138.120223339861
dre-miR-7132-5p	7.21386031334541	-1.11319217496278	3.78601027414493	3.08300940916975	0.544031355186807	0.697533978227068	20.8028825668544	4.3049481020433	2.49559844675903	0	9.65824208619442
dre-miR-30e-3p	7855.90320864841	-0.184859651931267	0.378832177995327	3.05893305699414	0.548011993517416	0.699734322301163	9400.90869767683	6519.82526245178	6382.05579841943	8457.35994610551	8266.38236510905
dre-miR-19a-3p	2268.46129015415	-0.691891595385702	0.554603001798281	3.00677485470811	0.556692285365895	0.707892659168977	3014.76760153298	2110.50955190552	2775.58890172759	1793.25124317395	1867.28558937142
dre-miR-1388-5p	43.7757706725849	1.15415547317196	0.937696674203262	2.8997674135295	0.574736761003209	0.723775374387832	25.1133616009622	66.4643542738475	30.9656811940314	37.4979960720049	57.0806772322958
dre-miR-455-3p	90.047338766949	0.70542425020128	0.538431259696061	2.8976098781128	0.575103753564768	0.723775374387832	77.8970688420465	76.4072256120006	83.5594341993287	82.3128532496135	123.604454402262
dre-miR-187	346.055783498497	0.374619042583187	0.36060497715018	2.89111346172547	0.576209521357303	0.723775374387832	295.315359310132	361.620394698355	283.349480982386	390.931754033796	379.485505366893
dre-miR-1306	324.729127339041	-1.2226275660551	0.955324518291281	2.8709879056928	0.579642142526477	0.725139360488589	548.951014521745	257.917845737707	208.899528445062	381.15873184445	235.034717483717
dre-miR-10a-3p	223.509797039738	-0.169622316977677	0.625377239571242	2.84021075078221	0.58491175304762	0.728781176176268	278.041191497595	133.436535513914	218.589203039482	231.403077857176	247.986485076879
dre-miR-7148-3p	1.99521840142364	-5.44604586442474	4.67602878144497	2.63682921057995	0.620313047531004		4.0127612767888	4.17901883815595	2.78192109288525	0	0
dre-miR-458-5p	1.41806405784752	1.70898442019593	4.66873328834603	2.62157656110197	0.623005727238946		0	5.7399308027244	0	0	1.64753721234959
dre-miR-125c-3p	793.164902308487	-0.866638709838133	0.616888711839898	2.61713674030227	0.62379044587956	0.774101396693912	1078.00303036181	950.767470141255	698.58129167853	716.558656072992	591.485480339074
dre-miR-193a-5p	81.9218653740077	0.095583029892594	0.549998861282795	2.55093193144228	0.63553944935232	0.785526759399467	93.3403818532407	63.7415580818235	62.2830704692928	86.8648287886751	98.099370533473
dre-miR-153c-5p	42.423918249866	-1.84828763929919	1.87702478101393	2.51415767118689	0.642102449735888	0.7904767209896	63.629273625152	83.1373936739095	44.2686657790902	16.1161164901755	17.7208573467135
dre-miR-200b-3p/200c-3p	4488.80766597235	0.119401743918495	0.659619945151982	2.48366533239096	0.647563137646815	0.792456047676208	3667.45715738335	5223.48233800325	3281.12944413304	6028.25545548453	3984.84312317811
dre-miR-7149-3p	24.1046079449634	-1.95823276413937	1.69713577669191	2.47655181912353	0.648839417676637	0.792456047676208	39.1590809593151	46.0666835571393	15.8923588110844	15.252589842323	9.91318645348505
dre-miR-737-5p	2320.65365570608	-0.338679783302073	0.482772950799025	2.42375299344781	0.658339022928054	0.800892748365231	2593.47074545665	1721.08162082438	2481.08972758914	2723.12136796009	2051.24104205051
dre-miR-96-5p	787.587224866498	0.545998611740165	0.796598048041658	2.28519200975688	0.68346637137681	0.8282004264919	516.803441926693	755.338521594174	674.146158271905	1151.98143807854	756.371853899831
dre-miR-27c-5p	1.4676764805654	1.26500615830166	4.67458837620323	2.25620134465553	0.688754218587619		0	0	0	5.25312670187672	1.20464981261103
dre-miR-124-3p	552.263456773294	0.765811708198276	0.77946479938895	2.23512557654431	0.692603918688347	0.835994573729294	358.190881164847	521.263355811331	800.662122731006	475.602358043479	610.263763993265
dre-let-7i	292.18880666902	0.33596301201395	0.346742585008023	2.16186433003861	0.706016821391745	0.848868473969064	268.302730416932	288.598127606278	247.337273655378	301.028427128484	341.211816872335
dre-miR-193a-3p	0.54992940128921	2.25971057218835	4.66355148006388	2.08237047058405	0.720611877178838		0	0	0	0	2.41968936567253
dre-miR-18b-3p	588.595064021667	-0.0517352680440884	0.682763630244314	2.07377848654426	0.722191109888199	0.864949817656797	488.406889935797	863.246146508055	596.739216133253	557.342360004765	473.762119628884
dre-miR-731	101.548302512718	-0.664397473442003	1.2282220329453	2.0122341797811	0.733508544723746	0.875112510886632	127.837148047448	134.42806787756	133.721424125474	49.2002624468607	80.8229565687133
dre-miR-723-5p	0.512898352080623	2.15829699124921	4.66436505455055	1.98258718270059	0.738961750450695		0	0	0	0	2.25675274915474
dre-miR-96-3p	18.9994636539239	-2.54546121784665	1.89997018880881	1.97897203425578	0.739626688848876	0.879017872516549	41.3704892338057	22.4767656177236	15.4328090659706	13.1644786813689	7.00911026189634
dre-miR-183-5p	8633.70883586546	0.849372634351862	0.725065819324614	1.92486498748133	0.749575882987044	0.879947517541648	5161.40876253172	9255.67225224396	8796.63383823498	10117.8576195676	9299.48937583185
dre-miR-2185-3p	23.004180936548	-0.549577919356676	1.55663447128638	1.92426852002095	0.749685517017872	0.879947517541648	34.2249101423799	36.7893275913944	11.018224789978	12.3610922389198	23.2313338628894
dre-miR-204-3p	44.2559083825364	-2.01330493011288	2.54175180405943	1.91869869729402	0.750709217834338	0.879947517541648	30.8042684163036	36.3947411000385	92.4749106903776	59.3319149402809	7.65494577750358
dre-miR-2184	38.1513762708365	-0.741679565273116	1.21691589246056	1.90614136034534	0.753016726434602	0.879947517541648	37.0468062547501	48.9918305855452	61.4992391905741	27.0433700234448	22.7923847435403
dre-miR-451	274.420137068396	0.507281690457411	0.551608244903575	1.89726421066524	0.754647547406268	0.879947517541648	245.592370624444	223.759237926957	300.919110339713	244.143361516204	347.088666471848
dre-miR-205-5p	34023.8210898818	-0.619200565131756	0.573497515679985	1.87845310620764	0.758101995646755	0.880652318251306	44710.7072197853	38436.7152695971	31654.7553086921	28753.5861429628	29109.4844140575
dre-miR-141-3p/200a-3p	15599.2649859947	0.0484452863052435	0.702358356411984	1.85131636139084	0.763081560172155	0.88311686177227	13955.7797850752	14315.2183088913	12154.6690752662	21862.5625685519	14433.6696344388
dre-miR-2192	3.51853707550941	3.68655961330038	4.65650895504118	1.74560642049516	0.782417448771077	0.902115640560682	0	0	7.54300312141366	2.91678967444155	6.53037096066892
dre-miR-489	97.2083662372186	1.1947477170542	1.00027011646051	1.68187166816938	0.794007965016083	0.912076063903233	56.5767408438423	103.753409928478	114.301081479512	78.127844856084	129.883980786212
dre-miR-203b-5p	19.6575233869967	-2.08753657133688	2.63588590152149	1.64638374909086	0.80043245204906	0.916050472900591	34.0434240346425	43.3555652896647	10.9364196087446	7.78953690903002	8.03523884731387
dre-miR-722	404.924950965904	-0.0597874625209329	0.461546474986361	1.62737076591219	0.803864557683023	0.916583573151491	375.460290247729	391.582211384202	518.689332349357	391.582021088777	361.502295976169
dre-miR-139-5p	179.899595797915	-0.248864395941296	0.402631924977286	1.58122174182611	0.812163145731924	0.92264122070281	207.831554885821	203.343239444644	152.58194501468	168.929707081887	171.623122952822
dre-miR-737-3p	8.47069944745988	0.231536291227684	1.67858524144549	1.49832709289717	0.826937760437944	0.935984498078112	8.02552255357761	5.4683776250248	15.0353118824703	4.25292996381335	10.194777956152
dre-miR-7133-5p	0.309356480622589	-2.43111464250781	4.74094157179696	1.48670260603606	0.828994294711426		0	0	0	1.36116851473939	0
dre-miR-10c-3p	214.028621560132	-0.192510772513699	0.606951250468293	1.46568571974808	0.832701929606314	0.939068964410041	208.000999903315	173.17416400132	253.704869281399	252.015597948129	181.806310367624
dre-miR-338-5p	2.32577339233039	3.43620493797969	4.65730156080687	1.43981268309511	0.837246703346675		0	0	2.89319793660066	2.43065806203463	5.48818651493855
dre-miR-221-5p	533.674920285299	0.293091765138582	0.257959800391048	1.43577221921998	0.837954412219443	0.941377878286699	458.695959742198	550.819391900844	548.961434941277	533.631237268332	567.756982719528
dre-miR-210-3p	1188.60496784278	-0.0508110435525482	0.495675237675492	1.41925052246182	0.840842376722101	0.941377878286699	1369.82270706413	926.160588221631	1160.1723291613	1146.90705719401	1318.03030175657
dre-miR-206-5p	45.2439317691821	-0.0216721797184252	2.11038828278159	1.25248474510292	0.869384045354843	0.968328963502829	71.2048818428117	18.0780348366612	25.9215638597842	36.3938378396419	70.5158775133538
dre-miR-2185-5p	737.54110346905	0.445952372796346	0.735661673938863	1.24172233340704	0.871182692083451	0.968328963502829	696.227183491041	612.49318717865	580.819208853449	787.199582114143	946.349609531165
dre-miR-203b-3p	51253.1084142231	-0.710324314073467	0.820349513740682	1.21089990229132	0.876300780311077	0.970526670667106	71054.6612993596	52092.2057690786	39269.6621176921	52153.7253788627	43426.7282948149
dre-miR-10b-2-3p	15.0945804382274	-0.192224066445734	2.14998152924779	1.16902637856401	0.883171418548017	0.97464274404049	23.0347504639999	4.34391039044343	13.794308904569	12.978222383108	20.4995557378826
dre-miR-429a	7572.18209924408	-0.256429337933927	0.684558400413124	1.1461817983365	0.886877431321676	0.9752495597096	8039.06620151315	7859.22833392153	5768.03124103568	9253.86013167644	6730.68048382121
dre-miR-182-5p	7691.71036373698	0.709367018632966	0.75595272024848	1.08593859887077	0.896496739446931	0.98078668426621	5171.51198641201	8191.60038604576	7824.17031074054	8438.46885570238	8455.23059818169
dre-miR-727-5p	252.140991948653	-0.169156246318863	0.472764369562824	1.06122125330444	0.900375060587706	0.98078668426621	265.065996126036	221.870520141636	238.134912672993	295.513074985253	233.850146436288
dre-miR-202-3p	0.220968914730421	-2.43110866710985	4.74094157180209	1.0556823647261	0.901238423624651		0	0	0	0.972263224813851	0
dre-miR-429b	81.0069415836214	0.69366051414015	1.51806506429707	1.03786207945632	0.90400153949305	0.98078668426621	41.0940970070785	91.8337267754675	78.3374902511216	119.801339803486	67.616951937514
dre-miR-200c-5p	31.1281029697043	-1.14193238907057	1.73717702405608	1.01997002478788	0.906752913968973	0.98078668426621	53.2607645739679	39.7347602875311	24.9298854062208	18.3926262044126	24.2306986481103
dre-miR-29b3-5p	13.3770141556376	-1.2707695420605	2.23999138048109	1.01323100471839	0.907783144660635	0.98078668426621	27.0108909297614	12.3771960162662	5.2339276231539	11.8466527060094	11.3145979234511
dre-miR-727-3p	122.680480938513	0.231842918568289	0.737607514204135	0.934251783072057	0.919596234862414	0.987581378150766	119.513379498395	109.263484118249	93.5288595154604	140.489220325091	141.460317298683
dre-miR-1788-3p	34.8694577032396	1.93446287124335	2.04007376890427	0.914381526649692	0.922488549289499	0.987581378150766	13.2729796078399	44.2529195529308	28.9201683848244	31.7169416853724	52.5518181724056
dre-miR-34b	27.0213621964265	1.42236409689544	2.65181330645097	0.906265238617266	0.923660253351363	0.987581378150766	12.9643056634715	8.60989620408659	33.074774987742	39.7081698125143	35.4666423675221
dre-miR-728	7.73149893843089	0.500213072879759	2.27131136512607	0.801103642817367	0.938300044463979	0.990965662170838	5.28438108997036	13.9061806435856	3.32977530977578	8.67343441267178	7.3288912817588
dre-miR-19a-5p	21.6840141568917	-1.16543782974649	1.38412173580807	0.783068090241471	0.940703502287117	0.990965662170838	30.6926557236513	24.2486621454996	22.3937370986773	19.5223566591255	14.0192616569354
dre-miR-725-3p	3141.65616500436	0.576445052858218	0.92995608747608	0.769507743476993	0.942488597546003	0.990965662170838	2273.55663447511	3070.58402783888	2813.26357941783	3905.98072114097	3391.38301149275
dre-miR-210-5p	12740.3113615591	0.159949375100313	0.306098653728749	0.745491047418057	0.945602718577973	0.990965662170838	12250.8842720614	13281.6817316642	12802.8701980726	11703.3899023258	13685.6311270957
dre-miR-34c-5p	3.48168823549076	2.85957349379851	4.65974197999491	0.681058284371574	0.953644113346012		0	4.67066811323313	3.44630261695294	5.15228750717745	3.67356414483304
dre-miR-196a-3p	22.5620104097953	-0.626523055198467	1.96978012686337	0.664708432026316	0.955608707677833	0.990965662170838	32.7396693060899	16.7581949627257	31.3940007662913	13.0595566794395	21.4997970955742
dre-miR-30c-3p	3925.41911541723	-0.0448148510972361	0.753636163313869	0.622755394758883	0.960501787848305	0.990965662170838	4373.85169466157	3030.89242446639	3613.52922539844	4218.4938460933	4238.7315861214
dre-miR-456	2887.56450605151	-0.0545176505047681	0.324049655567335	0.585286040450569	0.964684624545964	0.990965662170838	3018.81731363754	3005.73784397754	2576.82759432852	2919.84824915392	2904.32937591785
dre-miR-190a	373.963342214204	0.0060901421518897	0.431176372211738	0.583476383589925	0.964882019311818	0.990965662170838	364.75700483094	330.750163153489	393.279749140747	408.007951394107	366.401220648248
dre-miR-205-3p	16.445937011222	-1.42073959554039	3.66085633209487	0.568449219343989	0.966504339867495	0.990965662170838	31.1760683812053	27.2481651764179	9.28562673306607	6.51387711032714	11.6803575064984
dre-miR-725-5p	43.8389465803508	-0.218846933083853	1.50290761449564	0.533109860381188	0.97019871365753	0.990965662170838	44.9139797031268	50.810286759703	26.7748226010089	55.6487121604185	39.243381542054
dre-let-7h	95.1924378074678	0.21111178435163	1.16149546746377	0.52267253861595	0.971256602761153	0.990965662170838	75.1842574542697	126.06635156858	78.8208709602003	106.184038359662	88.6055040067569
dre-miR-34c-3p	53.0016694460383	0.0295944293070532	1.00772560916667	0.513604094660167	0.97216317765106	0.990965662170838	52.0770309978427	69.7142973327147	42.2501429409252	49.1849967410108	52.7891718043717
dre-miR-15a-3p	18.5060799521647	-0.0874829880183543	2.49124614815213	0.458072957501912	0.977452123386327	0.990965662170838	26.5339087010812	19.3501462847025	10.3076610395142	11.7188941054507	24.7544848638358
dre-miR-141-5p	70.5061660186757	-0.686148116827636	1.44615636856698	0.456544737357348	0.977591128922138	0.990965662170838	91.2982032693477	83.0676495254579	50.7628647912742	72.944449510162	57.1797069031471
dre-miR-181a-4-3p	6.73578854772119	0.800860557984437	3.00566982609833	0.426051438199636	0.980288967017949	0.990965662170838	6.48215283173576	6.71331605795802	5.09277174000761	3.32926476974149	11.6776123364706
dre-miR-16a/16b	63520.7382879483	0.167463716086331	0.293302183522408	0.415292404211073	0.98120583036241	0.990965662170838	60675.1913768951	61861.1145757	62168.5690693504	63586.9605488828	68140.3879005333
dre-miR-144-3p	115.077269371402	-0.140395056623203	0.611930570502618	0.39222628143159	0.983108399847137	0.990965662170838	130.791524678285	102.640923804787	122.643545019875	105.360976730714	116.118213701098
dre-miR-125b-2-3p	1151.90222379784	0.0794762720907794	0.689426418391651	0.373975115044573	0.984551644939958	0.990965662170838	1205.9370819313	973.753844000065	1078.05039381053	1189.15877399547	1273.0179549215
dre-miR-182-3p	102.732914574534	-0.3017183284949	0.899852091372786	0.232750206859407	0.9937315474796	0.996957948607781	107.455356746738	99.8480684538463	110.408832419964	111.325244835504	86.5297731960054
dre-miR-212/212-3p	2.7038907028875	-0.111019502511131	3.48493812601023	0.163030210702587	0.996852790878039		2.40033260386781	1.67414648412795	4.4510737486164	2.69652770745654	2.38014911595875
dre-miR-203a-3p	21439.8785564658	0.0420974764750357	0.802247290885585	0.0811679991660981	0.999198415468024	0.999198415468024	21839.0065581773	19496.9053460004	20843.3486539991	22105.896449937	22486.1607519709
dre-miR-181d-3p	0						0	0	0	0	0
dre-miR-203a-5p	0						0	0	0	0	0
dre-miR-2186	0						0	0	0	0	0
dre-miR-2193	0						0	0	0	0	0
dre-miR-2194	0						0	0	0	0	0
dre-miR-2195	0						0	0	0	0	0
dre-miR-2196	0						0	0	0	0	0
dre-miR-2197	0						0	0	0	0	0
dre-miR-2198	0						0	0	0	0	0
dre-miR-3906	0						0	0	0	0	0
dre-miR-461	0						0	0	0	0	0
dre-miR-7145	0						0	0	0	0	0
dre-miR-7146-3p	0						0	0	0	0	0
dre-miR-7146-5p	0						0	0	0	0	0
dre-miR-735-3p	0						0	0	0	0	0
dre-miR-740	0						0	0	0	0	0
